<Hierarchy>:
	<Frame>: 0 11 Soldier
		<Transform>: 0 0 0 0 0 0 50 50 50 0 0 0 1  
		<TransformMatrix>: 50 0 0 0 0 50 0 0 0 0 50 0 0 0 0 1  
		<Children>: 4
			<Frame>: 1 0 Bip001
				<Transform>: 0 1.066551 -2.47723E-09 270 89.99992 0 0.9999999 0.9999999 1 -0.5000004 0.4999996 0.4999996 0.5000004  
				<TransformMatrix>: 1.430511E-06 0 -0.9999999 0 -0.9999999 0 -1.430511E-06 0 0 1 0 0 0 1.066551 -2.47723E-09 1  
				<Children>: 1
					<Frame>: 2 0 Bip001_Pelvis
						<Transform>: 0 0 0 270 89.99992 0 1 0.9999999 0.9999999 -0.5 0.5 0.4999993 0.5000007  
						<TransformMatrix>: 1.370907E-06 0 -1 0 -0.9999999 1.370907E-06 -1.400709E-06 0 1.400709E-06 0.9999999 0 0 0 0 0 1  
						<Children>: 3
							<Frame>: 3 0 Bip001_L_Thigh
								<Transform>: 1.831055E-07 2.11734E-07 0.1190608 0.1170621 170.5706 5.775176 1 0.9999999 0.9999999 0.05028996 0.9953462 0.003123848 0.08214102  
								<TransformMatrix>: -0.9814476 0.100625 -0.1632033 0 0.09959865 0.9949223 0.01448036 0 0.1638317 -0.002043118 -0.9864861 0 1.831055E-07 2.11734E-07 0.1190608 1  
								<Children>: 1
									<Frame>: 4 0 Bip001_L_Calf
										<Transform>: -0.4606698 0 0 -1.051617E-07 -8.539673E-07 0.1046783 0.9999999 0.9999999 1 -9.245162E-10 -7.451429E-09 0.00091349 0.9999996  
										<TransformMatrix>: 0.9999983 0.001826979 1.490116E-08 0 -0.001826979 0.9999983 -1.862645E-09 0 -1.490454E-08 1.835418E-09 1 0 -0.4606698 0 0 1  
										<Children>: 1
											<Frame>: 5 0 Bip001_L_Foot
												<Transform>: -0.4157306 1.144409E-08 0 352.282 10.27016 354.1273 1 0.9999999 1 -0.07151771 0.08575016 -0.04488936 0.9927322  
												<TransformMatrix>: 0.9812637 -0.1013915 -0.1638331 0 0.0768609 0.9857402 -0.1496944 0 0.1766746 0.1342973 0.9750643 0 -0.4157306 1.144409E-08 0 1  
												<Children>: 1
													<Frame>: 6 0 Bip001_L_Toe0
														<Transform>: -0.170578 0.1341029 0 0 -2.504479E-06 270 1 1 1 1.545431E-08 -1.545431E-08 -0.7071068 0.7071068  
														<TransformMatrix>: -1.192093E-07 -1 0 0 1 -1.192093E-07 4.37114E-08 0 -4.37114E-08 0 1 0 -0.170578 0.1341029 0 1  
														<Children>: 0
													</Frame>
											</Frame>
									</Frame>
							</Frame>
							<Frame>: 7 0 Bip001_R_Thigh
								<Transform>: -1.831055E-07 -1.184931E-07 -0.1190608 359.8831 189.4296 5.775202 1 0.9999999 0.9999999 0.05029007 0.9953461 -0.003125303 -0.08214241  
								<TransformMatrix>: -0.9814471 0.1006255 0.1632059 0 0.09959859 0.9949222 -0.01448341 0 -0.1638346 0.002040377 -0.9864857 0 -1.831055E-07 -1.184931E-07 -0.1190608 1  
								<Children>: 1
									<Frame>: 8 0 Bip001_R_Calf
										<Transform>: -0.4606698 0 0 -1.051617E-07 -8.539672E-07 0.1046783 1 0.9999999 1 -9.245162E-10 -7.451428E-09 0.00091349 0.9999996  
										<TransformMatrix>: 0.9999983 0.001826979 1.490116E-08 0 -0.001826979 0.9999983 -1.862645E-09 0 -1.490454E-08 1.835418E-09 1 0 -0.4606698 0 0 1  
										<Children>: 1
											<Frame>: 9 0 Bip001_R_Foot
												<Transform>: -0.4157306 0 4.577637E-08 7.717987 349.7298 354.1273 0.9999999 0.9999999 1 0.07151769 -0.08575024 -0.04488935 0.9927322  
												<TransformMatrix>: 0.9812636 -0.1013915 0.1638333 0 0.07686088 0.9857402 0.1496944 0 -0.1766748 -0.1342973 0.9750642 0 -0.4157306 0 4.577637E-08 1  
												<Children>: 1
													<Frame>: 10 0 Bip001_R_Toe0
														<Transform>: -0.170578 0.1341029 0 0 2.504479E-06 270 1 1 1 -1.545431E-08 1.545431E-08 -0.7071068 0.7071068  
														<TransformMatrix>: -1.192093E-07 -1 0 0 1 -1.192093E-07 -4.37114E-08 0 4.37114E-08 0 1 0 -0.170578 0.1341029 0 1  
														<Children>: 0
													</Frame>
											</Frame>
									</Frame>
							</Frame>
							<Frame>: 11 0 Bip001_Spine
								<Transform>: -0.210846 0.04606275 1.653737E-07 -0.0002383733 7.958433E-05 359.9544 1 0.9999999 0.9999999 -2.080476E-06 6.93676E-07 -0.000398159 0.9999999  
								<TransformMatrix>: 0.9999997 -0.0007963179 -1.385695E-06 0 0.0007963179 0.9999996 -4.161504E-06 0 1.389009E-06 4.160398E-06 0.9999999 0 -0.210846 0.04606275 1.653737E-07 1  
								<Children>: 1
									<Frame>: 12 0 Bip001_Spine1
										<Transform>: -0.1433686 -0.0001248665 -3.452297E-10 2.014561E-06 -2.986008E-05 7.218983 1 1 1 1.140552E-09 -2.611682E-07 0.06295586 0.9980164  
										<TransformMatrix>: 0.9920731 0.125662 5.214439E-07 0 -0.125662 0.9920731 -3.060756E-08 0 -5.211567E-07 -3.516072E-08 1 0 -0.1433686 -0.0001248665 -3.452297E-10 1  
										<Children>: 1
											<Frame>: 13 0 Bip001_Spine2
												<Transform>: -0.1580862 -0.0001440353 -3.956957E-10 -3.037271E-07 2.074072E-05 355 1 1 1 -1.054297E-08 1.80709E-07 -0.04361938 0.9990482  
												<TransformMatrix>: 0.9961947 -0.08715573 -3.601543E-07 0 0.08715573 0.9961947 -3.68307E-08 0 3.619938E-07 5.301038E-09 1 0 -0.1580862 -0.0001440353 -3.956957E-10 1  
												<Children>: 3
													<Frame>: 14 0 Bip001_L_Clavicle
														<Transform>: -0.1124145 -0.01559297 0.05789888 1.274803 277.0428 170.1523 1 1 1 -0.6591398 -0.06514998 0.7470247 0.05696031  
														<TransformMatrix>: -0.1245807 0.1709874 -0.9773655 0 0.0007843822 -0.9850223 -0.1724269 0 -0.9922094 -0.02224767 0.1225804 0 -0.1124145 -0.01559297 0.05789888 1  
														<Children>: 1
															<Frame>: 15 0 Bip001_L_UpperArm
																<Transform>: -0.1569323 0 1.831055E-07 27.51812 309.9555 355.3661 0.9999999 1 1 0.2319495 -0.401784 0.06493482 0.8834888  
																<TransformMatrix>: 0.6687061 -0.07164883 0.7400665 0 -0.3011256 0.8839658 0.3576701 0 -0.6798202 -0.4620292 0.5695381 0 -0.1569323 0 1.831055E-07 1  
																<Children>: 1
																	<Frame>: 16 0 Bip001_L_Forearm
																		<Transform>: -0.3258668 9.155274E-08 9.155274E-08 1.74354E-06 8.063943E-07 24.82073 1 1 1 1.637209E-08 3.602743E-09 0.214912 0.9766334  
																		<TransformMatrix>: 0.9076257 0.4197805 -4.440892E-16 0 -0.4197806 0.9076259 3.352761E-08 0 1.407424E-08 -3.043052E-08 1 0 -0.3258668 9.155274E-08 9.155274E-08 1  
																		<Children>: 1
																			<Frame>: 17 0 Bip001_L_Hand
																				<Transform>: -0.2778478 -1.144409E-08 0 293.5596 142.5155 195.534 1 1 1 -0.808733 -0.06735515 -0.19622 0.5503745  
																				<TransformMatrix>: 0.9139221 -0.1070443 0.3915204 0 0.3249336 -0.3851026 -0.8637792 0 0.2432381 0.9166451 -0.3171715 0 -0.2778478 -1.144409E-08 0 1  
																				<Children>: 3
																					<Frame>: 18 0 Bip001_L_Finger0
																						<Transform>: -0.03496674 0.02251144 -0.02366174 60.74962 273.0046 319.9179 1 1 1 0.548098 -0.4321835 0.1125113 0.7072109  
																						<TransformMatrix>: 0.6011173 -0.3146194 0.7346242 0 -0.6328962 0.3738597 0.6779907 0 -0.4879554 -0.8724929 0.02561212 0 -0.03496674 0.02251144 -0.02366174 1  
																						<Children>: 1
																							<Frame>: 19 0 Bip001_L_Finger01
																								<Transform>: -0.04556713 0 9.155274E-08 -3.281557E-06 -2.730316E-06 346.631 0.9999999 0.9999999 0.9999999 -2.566886E-08 -2.699795E-08 -0.1164022 0.9932022  
																								<TransformMatrix>: 0.9729009 -0.2312218 5.960465E-08 0 0.2312218 0.972901 -4.470349E-08 0 -4.765301E-08 5.727397E-08 0.9999999 0 -0.04556713 0 9.155274E-08 1  
																								<Children>: 1
																									<Frame>: 20 0 Bip001_L_Finger02
																										<Transform>: -0.04556717 4.577637E-08 -9.155274E-08 2.491912E-06 -5.922333E-07 346.631 1 1 1 2.21998E-08 -2.601792E-09 -0.1164022 0.9932022  
																										<TransformMatrix>: 0.9729012 -0.2312219 0 0 0.2312219 0.9729012 4.470349E-08 0 -1.033642E-08 -4.349207E-08 1 0 -0.04556717 4.577637E-08 -9.155274E-08 1  
																										<Children>: 0
																									</Frame>
																							</Frame>
																					</Frame>
																					<Frame>: 21 0 Bip001_L_Finger1
																						<Transform>: -0.1159546 0.0002530975 -0.04282679 356.8038 351.5671 355.2232 1 1 1 -0.02472632 -0.07459082 -0.04359297 0.9959541  
																						<TransformMatrix>: 0.9850717 -0.08314447 0.1507339 0 0.0905219 0.9949765 -0.04274929 0 -0.1464223 0.05575584 0.9876497 0 -0.1159546 0.0002530975 -0.04282679 1  
																						<Children>: 1
																							<Frame>: 22 0 Bip001_L_Finger11
																								<Transform>: -0.04840421 -9.155274E-08 -2.288818E-08 -1.974112E-07 -8.306374E-07 346.631 0.9999999 0.9999999 1 -8.672643E-10 -7.399934E-09 -0.1164022 0.9932021  
																								<TransformMatrix>: 0.9729009 -0.2312219 1.490116E-08 0 0.2312219 0.972901 -1.110223E-16 0 -1.449736E-08 3.445475E-09 1 0 -0.04840421 -9.155274E-08 -2.288818E-08 1  
																								<Children>: 1
																									<Frame>: 23 0 Bip001_L_Finger12
																										<Transform>: -0.04840439 2.288818E-08 0 4.153187E-07 -9.870554E-08 346.631 1 1 1 3.699967E-09 -4.33632E-10 -0.1164022 0.9932022  
																										<TransformMatrix>: 0.972901 -0.2312218 0 0 0.2312218 0.972901 7.450581E-09 0 -1.722737E-09 -7.248679E-09 1 0 -0.04840439 2.288818E-08 0 1  
																										<Children>: 0
																									</Frame>
																							</Frame>
																					</Frame>
																					<Frame>: 24 0 Bip001_L_Finger2
																						<Transform>: -0.1175295 -0.01341335 0.01233992 2.034036 5.074216 349.0504 1 1 1 0.01342839 0.04574931 -0.09608135 0.9942309  
																						<TransformMatrix>: 0.9773509 -0.1898255 -0.09355121 0 0.1922828 0.9811761 0.01791054 0 0.08839034 -0.03549317 0.9954535 0 -0.1175295 -0.01341335 0.01233992 1  
																						<Children>: 1
																							<Frame>: 25 0 Bip001_L_Finger21
																								<Transform>: -0.04033704 0 0 2.076593E-07 -4.935278E-08 346.631 1 1 1 1.849983E-09 -2.16816E-10 -0.1164022 0.9932022  
																								<TransformMatrix>: 0.9729012 -0.2312219 0 0 0.2312219 0.972901 3.725291E-09 0 -8.613686E-10 -3.624339E-09 1 0 -0.04033704 0 0 1  
																								<Children>: 1
																									<Frame>: 26 0 Bip001_L_Finger22
																										<Transform>: -0.04033685 -2.288818E-08 0 -4.935279E-08 -2.076593E-07 346.631 1 1 1 -2.16816E-10 -1.849983E-09 -0.1164022 0.9932021  
																										<TransformMatrix>: 0.972901 -0.2312219 3.72529E-09 0 0.2312219 0.972901 0 0 -3.624339E-09 8.613686E-10 1 0 -0.04033685 -2.288818E-08 0 1  
																										<Children>: 0
																									</Frame>
																							</Frame>
																					</Frame>
																			</Frame>
																	</Frame>
															</Frame>
													</Frame>
													<Frame>: 27 0 Bip001_Neck
														<Transform>: -0.2114659 -0.04404334 -6.26689E-08 8.109339E-06 6.159611E-05 345 1 1 1 4.901306E-13 5.421658E-07 -0.1305262 0.9914449  
														<TransformMatrix>: 0.9659259 -0.2588191 -1.075055E-06 0 0.2588191 0.9659259 -1.415328E-07 0 1.075055E-06 -1.415347E-07 1 0 -0.2114659 -0.04404334 -6.26689E-08 1  
														<Children>: 1
															<Frame>: 28 0 Bip001_Head
																<Transform>: -0.1005868 4.577637E-08 -1.74623E-13 3.279155E-06 -3.236976E-05 7.921551 0.9999999 0.9999999 1 9.035827E-09 -2.837814E-07 0.06907353 0.9976116  
																<TransformMatrix>: 0.9904576 0.1378171 5.674554E-07 0 -0.1378171 0.9904576 -2.117507E-08 0 -5.649589E-07 -5.723206E-08 1 0 -0.1005868 4.577637E-08 -1.74623E-13 1  
																<Children>: 0
															</Frame>
													</Frame>
													<Frame>: 29 0 Bip001_R_Clavicle
														<Transform>: -0.1124145 -0.01559265 -0.05789896 358.7252 82.95719 170.1526 1 1 1 0.6591399 0.06514793 0.7470248 0.05695846  
														<TransformMatrix>: -0.1245806 0.170982 0.9773663 0 0.0007844418 -0.985023 0.1724214 0 0.9922093 0.02224705 0.1225807 0 -0.1124145 -0.01559265 -0.05789896 1  
														<Children>: 1
															<Frame>: 30 0 Bip001_R_UpperArm
																<Transform>: -0.1569323 1.144409E-08 0 332.4819 50.04448 355.3661 1 1 1 -0.2319495 0.401784 0.06493483 0.8834888  
																<TransformMatrix>: 0.6687062 -0.07164881 -0.7400666 0 -0.3011256 0.8839659 -0.3576701 0 0.6798202 0.4620292 0.5695381 0 -0.1569323 1.144409E-08 0 1  
																<Children>: 1
																	<Frame>: 31 0 Bip001_R_Forearm
																		<Transform>: -0.3258668 4.577637E-08 0 -1.026745E-06 -2.356208E-06 24.82073 1 1 1 -1.316965E-08 -1.815572E-08 0.214912 0.9766334  
																		<TransformMatrix>: 0.9076257 0.4197805 2.980233E-08 0 -0.4197805 0.9076258 -3.352761E-08 0 -4.112359E-08 1.792009E-08 1 0 -0.3258668 4.577637E-08 0 1  
																		<Children>: 1
																			<Frame>: 32 0 Bip001_R_Hand
																				<Transform>: -0.2778478 0 0 66.44042 217.4845 195.534 0.9999999 1 1 0.808733 0.06735515 -0.19622 0.5503745  
																				<TransformMatrix>: 0.9139219 -0.1070443 -0.3915203 0 0.3249336 -0.3851026 0.8637792 0 -0.2432381 -0.9166449 -0.3171715 0 -0.2778478 0 0 1  
																				<Children>: 4
																					<Frame>: 33 0 Bip001_R_Finger0
																						<Transform>: -0.03496664 0.02251144 0.02366174 299.2504 86.99539 319.9179 0.9999999 0.9999999 1 -0.548098 0.4321835 0.1125113 0.7072109  
																						<TransformMatrix>: 0.6011171 -0.3146194 -0.7346241 0 -0.6328962 0.3738597 -0.6779906 0 0.4879555 0.8724929 0.025612 0 -0.03496664 0.02251144 0.02366174 1  
																						<Children>: 1
																							<Frame>: 34 0 Bip001_R_Finger01
																								<Transform>: -0.04556717 0 0 2.886735E-06 1.069041E-06 346.631 0.9999999 0.9999998 1 2.393433E-08 1.219808E-08 -0.1164022 0.9932022  
																								<TransformMatrix>: 0.972901 -0.2312218 -2.980233E-08 0 0.2312218 0.9729009 4.470349E-08 0 1.865829E-08 -5.038303E-08 1 0 -0.04556717 0 0 1  
																								<Children>: 1
																									<Frame>: 35 0 Bip001_R_Finger02
																										<Transform>: -0.04556717 4.577637E-08 0 -1.266453E-06 2.056097E-06 346.631 0.9999999 0.9999999 1 -1.306534E-08 1.65344E-08 -0.1164022 0.9932022  
																										<TransformMatrix>: 0.972901 -0.2312219 -2.980233E-08 0 0.2312219 0.972901 -2.980233E-08 0 3.588567E-08 2.210377E-08 1 0 -0.04556717 4.577637E-08 0 1  
																										<Children>: 0
																									</Frame>
																							</Frame>
																					</Frame>
																					<Frame>: 36 0 Bip001_R_Finger1
																						<Transform>: -0.1159545 0.0002531891 0.04282679 3.196231 8.432862 355.2232 0.9999999 0.9999999 0.9999999 0.02472632 0.07459082 -0.04359297 0.9959541  
																						<TransformMatrix>: 0.9850716 -0.08314446 -0.1507338 0 0.09052189 0.9949765 0.04274929 0 0.1464223 -0.05575583 0.9876496 0 -0.1159545 0.0002531891 0.04282679 1  
																						<Children>: 1
																							<Frame>: 37 0 Bip001_R_Finger11
																								<Transform>: -0.0484043 4.577637E-08 0 2.076594E-07 -4.935278E-08 346.631 0.9999999 0.9999999 0.9999999 1.849983E-09 -2.16816E-10 -0.1164022 0.9932022  
																								<TransformMatrix>: 0.972901 -0.2312218 0 0 0.2312218 0.972901 3.72529E-09 0 -8.613685E-10 -3.624339E-09 0.9999999 0 -0.0484043 4.577637E-08 0 1  
																								<Children>: 1
																									<Frame>: 38 0 Bip001_R_Finger12
																										<Transform>: -0.04840448 -2.288818E-08 0 -1.974111E-07 -8.306371E-07 346.631 1 1 1 -8.672641E-10 -7.399932E-09 -0.1164022 0.9932022  
																										<TransformMatrix>: 0.9729012 -0.2312219 1.490116E-08 0 0.2312219 0.9729012 0 0 -1.449735E-08 3.445474E-09 1 0 -0.04840448 -2.288818E-08 0 1  
																										<Children>: 0
																									</Frame>
																							</Frame>
																					</Frame>
																					<Frame>: 39 0 Bip001_R_Finger2
																						<Transform>: -0.1175294 -0.0134133 -0.01233991 357.966 354.9258 349.0504 0.9999999 0.9999999 0.9999999 -0.01342839 -0.04574931 -0.09608135 0.9942309  
																						<TransformMatrix>: 0.9773507 -0.1898254 0.09355119 0 0.1922828 0.981176 -0.01791053 0 -0.08839032 0.03549315 0.9954533 0 -0.1175294 -0.0134133 -0.01233991 1  
																						<Children>: 1
																							<Frame>: 40 0 Bip001_R_Finger21
																								<Transform>: -0.04033694 4.577637E-08 5.722046E-09 5.44769E-08 -2.323357E-07 346.631 1 0.9999999 1 7.081757E-10 -1.958391E-09 -0.1164022 0.9932022  
																								<TransformMatrix>: 0.972901 -0.2312218 3.725291E-09 0 0.2312218 0.972901 1.862645E-09 0 -4.055024E-09 -9.508012E-10 1 0 -0.04033694 4.577637E-08 5.722046E-09 1  
																								<Children>: 1
																									<Frame>: 41 0 Bip001_R_Finger22
																										<Transform>: -0.04033694 -4.577637E-08 0 -1.089537E-07 4.646714E-07 346.631 1 0.9999999 0.9999999 -1.416351E-09 3.916782E-09 -0.1164022 0.9932021  
																										<TransformMatrix>: 0.972901 -0.2312219 -7.450581E-09 0 0.2312219 0.972901 -3.72529E-09 0 8.110045E-09 1.901601E-09 0.9999999 0 -0.04033694 -4.577637E-08 0 1  
																										<Children>: 0
																									</Frame>
																							</Frame>
																					</Frame>
																					<Frame>: 42 0 Weapon_R
																						<Transform>: -0.1640688 0.04387102 0.007761292 353.3833 1.910841 266.8149 1 1 1 -0.05174508 -0.03048008 -0.7245123 0.6866406  
																						<TransformMatrix>: -0.0516944 -0.9918048 0.1168376 0 0.9981138 -0.05519141 -0.02689416 0 0.03312219 0.115227 0.9927871 0 -0.1640688 0.04387102 0.007761292 1  
																						<Children>: 0
																					</Frame>
																			</Frame>
																	</Frame>
															</Frame>
													</Frame>
											</Frame>
									</Frame>
							</Frame>
					</Frame>
			</Frame>
			<Frame>: 43 0 SK_Soldier_Head
				<Transform>: 0 1.856047 0.02703172 270 0 0 1 1 1 -0.7071068 0 0 0.7071068  
				<TransformMatrix>: 1 0 0 0 0 -1.192093E-07 -1 0 0 1 -1.192093E-07 0 0 1.856047 0.02703172 1  
				<Mesh>: 2438 SK_Soldier_Head
					<Bounds>: 0 0.01303881 0.107505 0.138466 0.1714513 0.168147
					<Positions>: 2438 0.01776553 -0.1156508 0.1870907 0 -0.1179545 0.1868275 0 -0.1208963 0.1833782 0 -0.1162703 0.1812654 0 -0.1116444 0.1791525 0.01371557 -0.1096197 0.1791525 0.01599968 -0.1141095 0.1812654 0 -0.1162703 0.1812654 0.02690532 -0.1042246 0.1793091 0.0310497 -0.1086059 0.181428 0.03904346 -0.09613818 0.1797789 0.04420042 -0.1007386 0.1819158 0.04917137 -0.08618939 0.1805031 0.01828379 -0.1185992 0.1833782 0 -0.1208963 0.1833782 0 -0.1162703 0.1812654 0.03519408 -0.1129872 0.1835468 0.04935739 -0.105339 0.1840528 0.05491893 -0.09105134 0.1826658 0.06066649 -0.09591329 0.1848285 0.06901415 -0.08496834 0.1858066 0.0626723 -0.08008786 0.1836148 0.05633045 -0.07520739 0.1814229 0.07588111 -0.07326379 0.186886 0.06894311 -0.06848627 0.1846632 0.06200512 -0.06370877 0.1824405 0.08565427 -0.05203967 0.1810822 0.07871309 -0.04915963 0.1784088 0.0717719 -0.04627958 0.1757355 0.08153868 -0.02885039 0.1690305 0.08848305 -0.02983298 0.1721545 0.09542744 -0.03081556 0.1752785 0 -0.1296379 0.01790375 0 -0.1389641 0.01336737 0.01972882 -0.1364477 0.01375459 0 -0.1296379 0.01790375 0.0186616 -0.1272086 0.01822039 0.03783097 -0.127377 0.01675442 0.03552936 -0.1192936 0.02072684 0.0526798 -0.1102304 0.024205 0.04880946 -0.105266 0.02697962 0.06433064 -0.09152929 0.03536651 0.01759438 -0.1179694 0.02268619 0 -0.1203118 0.02244014 0 -0.1296379 0.01790375 0.03322775 -0.1112101 0.02469925 0.04493912 -0.1003017 0.02975424 0.05924575 -0.0892482 0.03738394 0.05416086 -0.0869671 0.03940137 0.06232537 -0.07292946 0.05519085 0.06758214 -0.07536228 0.05234499 0.07283889 -0.0777951 0.04949913 0.0807071 -0.06530869 0.06813503 0.07545781 -0.06223929 0.07180519 0.07020853 -0.0591699 0.07547534 0.09043785 -0.05035093 0.09280635 0.08451202 -0.04851026 0.09570693 0.0785862 -0.04666959 0.0986075 0.08721112 -0.03479891 0.1231635 0.0941555 -0.0344782 0.1218295 0.1010999 -0.03415749 0.1204954 0.09826365 -0.03248653 0.1478869 0.09131928 -0.03215559 0.146992 0.0843749 -0.03182464 0.146097 0.08153868 -0.02885039 0.1690305 0.08848305 -0.02983298 0.1721545 0.09542744 -0.03081556 0.1752785 0.1290351 0.0710987 0.1424844 0.1303087 0.04545732 0.1353333 0.133074 0.04736809 0.1341534 0.1230812 -0.02120917 0.09729023 0.1180116 -0.02157395 0.09810288 0.1190368 -0.02334606 0.09755738 0.1180116 -0.02157395 0.09810288 0.1222125 -0.01935436 0.09782538 0.1271255 -0.01907228 0.09702307 0.1264134 -0.01713477 0.09754788 0.1169864 -0.01980184 0.09864837 0.1180116 -0.02157395 0.09810288 0.1213438 -0.01749955 0.09836053 0.1264134 -0.01713477 0.09754788 0.1257012 -0.01519727 0.0980727 0.126861 -0.0156218 0.08147885 0.1275315 -0.01754406 0.08155008 0.1286497 -0.01795333 0.06555229 0.1286497 -0.01795333 0.06555229 0.1280208 -0.01604633 0.06488501 0.1169864 -0.01980184 0.09864837 0.1175504 -0.01984009 0.08163671 0.1185554 -0.02161082 0.08170228 0.1190991 -0.0216477 0.06530168 0.1181144 -0.01987834 0.06462507 0.1230676 -0.01796233 0.06475503 0.1238744 -0.01980052 0.06542698 0.1280208 -0.01604633 0.06488501 0.1286497 -0.01795333 0.06555229 0.1286497 -0.01795333 0.06555229 0.1292785 -0.01986034 0.06621956 0.1200838 -0.02341706 0.0659783 0.1190991 -0.0216477 0.06530168 0.1246812 -0.0216387 0.06609894 0.1292785 -0.01986034 0.06621956 0.1190368 -0.02334606 0.09755738 0.1180116 -0.02157395 0.09810288 0.1195603 -0.02338156 0.08176784 0.1200838 -0.02341706 0.0659783 0.1190991 -0.0216477 0.06530168 0.1237985 -0.01985088 0.05245548 0.1190497 -0.02200223 0.05233292 0.119992 -0.02382051 0.05179762 0.1291358 -0.01967812 0.05203361 0.1285473 -0.01769953 0.05257804 0.1245639 -0.02174931 0.05191561 0.119992 -0.02382051 0.05179762 0.1190497 -0.02200223 0.05233292 0.1230331 -0.01795245 0.05299534 0.1285473 -0.01769953 0.05257804 0.1181073 -0.02018396 0.05286821 0.1279588 -0.01572094 0.05312247 0.1186761 -0.02022381 0.03583987 0.1291138 -0.01614412 0.036544 0.119598 -0.02204066 0.03591623 0.1296608 -0.01810751 0.03659507 0.1201463 -0.02207908 0.01949955 0.1192448 -0.02026367 0.01881154 0.1247568 -0.01841548 0.01938853 0.1254603 -0.02029728 0.02005582 0.1307744 -0.01851548 0.02061209 0.1302688 -0.0165673 0.01996553 0.119992 -0.02382051 0.05179762 0.1190497 -0.02200223 0.05233292 0.1205199 -0.0238575 0.03599259 0.1210478 -0.02389449 0.02018756 0.1201463 -0.02207908 0.01949955 0.1312799 -0.02046367 0.02125865 0.1307744 -0.01851548 0.02061209 0.1302078 -0.02007089 0.03664613 0.1291358 -0.01967812 0.05203361 0.1285473 -0.01769953 0.05257804 0.01611833 -0.1108773 0.1957595 0 -0.1129209 0.195145 0 -0.1150127 0.1902767 -0.01776553 -0.1156508 0.1870907 0 -0.1208963 0.1833782 0 -0.1179545 0.1868275 0 -0.1116444 0.1791525 0 -0.1162703 0.1812654 -0.01371557 -0.1096197 0.1791525 -0.01599968 -0.1141095 0.1812654 0 -0.1162703 0.1812654 -0.02690532 -0.1042246 0.1793091 -0.0310497 -0.1086059 0.181428 -0.03904346 -0.09613818 0.1797789 -0.04420042 -0.1007386 0.1819158 -0.04917137 -0.0861894 0.1805031 -0.01828379 -0.1185992 0.1833782 0 -0.1208963 0.1833782 0 -0.1162703 0.1812654 -0.03519408 -0.1129872 0.1835468 -0.04935739 -0.105339 0.1840528 -0.05491893 -0.09105134 0.1826658 -0.06066649 -0.09591329 0.1848285 -0.06901415 -0.08496834 0.1858066 -0.0626723 -0.08008786 0.1836148 -0.05633045 -0.07520739 0.1814229 -0.07588111 -0.07326379 0.186886 -0.06894311 -0.06848627 0.1846632 -0.06200512 -0.06370877 0.1824405 -0.08565427 -0.05203967 0.1810822 -0.07871308 -0.04915963 0.1784089 -0.0717719 -0.04627958 0.1757355 -0.08153868 -0.02885039 0.1690305 -0.08848305 -0.02983298 0.1721545 -0.09542744 -0.03081556 0.1752785 -0.01972882 -0.1364477 0.01375459 0 -0.1389641 0.01336737 0 -0.1296379 0.01790375 0 -0.1296379 0.01790375 -0.0186616 -0.1272086 0.01822039 -0.03783097 -0.127377 0.01675442 -0.03552936 -0.1192936 0.02072684 -0.0526798 -0.1102304 0.024205 -0.04880945 -0.105266 0.02697962 -0.06433064 -0.09152929 0.03536651 -0.01759438 -0.1179694 0.02268619 0 -0.1203118 0.02244014 0 -0.1296379 0.01790375 -0.03322775 -0.1112101 0.02469925 -0.04493912 -0.1003017 0.02975424 -0.05924575 -0.0892482 0.03738394 -0.05416086 -0.0869671 0.03940137 -0.06232537 -0.07292946 0.05519085 -0.06758213 -0.07536228 0.05234499 -0.07283889 -0.0777951 0.04949913 -0.0807071 -0.06530869 0.06813503 -0.07545781 -0.06223929 0.07180519 -0.07020853 -0.0591699 0.07547534 -0.09043785 -0.05035093 0.09280635 -0.08451203 -0.04851026 0.09570693 -0.0785862 -0.04666959 0.0986075 -0.08721112 -0.03479891 0.1231635 -0.0941555 -0.0344782 0.1218295 -0.1010999 -0.03415749 0.1204954 -0.09826365 -0.03248653 0.1478869 -0.09131928 -0.03215559 0.146992 -0.0843749 -0.03182464 0.146097 -0.08153868 -0.02885039 0.1690305 -0.08848305 -0.02983298 0.1721545 -0.09542744 -0.03081556 0.1752785 -0.133074 0.04706802 0.1357798 -0.1303087 0.04510655 0.136991 -0.1290351 0.07142831 0.1443318 -0.1230812 -0.02120917 0.09729023 -0.1190368 -0.02334606 0.09755738 -0.1180116 -0.02157395 0.09810288 -0.1180116 -0.02157395 0.09810288 -0.1222125 -0.01935436 0.09782538 -0.1169864 -0.01980184 0.09864837 -0.1271255 -0.01907228 0.09702307 -0.1213438 -0.01749955 0.09836053 -0.1264134 -0.01713477 0.09754788 -0.1257012 -0.01519727 0.0980727 -0.1286497 -0.01795333 0.06555229 -0.1280208 -0.01604633 0.06488501 -0.1230676 -0.01796233 0.06475503 -0.1181144 -0.01987834 0.06462507 -0.1190991 -0.0216477 0.06530168 -0.1238744 -0.01980052 0.06542698 -0.1200838 -0.02341706 0.0659783 -0.1286497 -0.01795333 0.06555229 -0.1292785 -0.01986034 0.06621956 -0.1246812 -0.0216387 0.06609894 -0.1292785 -0.01986034 0.06621956 -0.01611833 -0.1108773 0.1957595 0 -0.1150127 0.1902767 0 -0.1129209 0.195145 0.1319363 0.001408831 0.04638742 0.132667 0.001147768 0.0304012 0.1360262 0.01771475 0.028639 0.1358899 0.01959966 0.04961889 0.1312056 0.001669893 0.06237364 0.1383157 0.03827126 0.02805781 0.1352871 0.02136861 0.07113393 0.1304748 0.001930956 0.07835986 0.1384049 0.04079631 0.05270462 0.138466 0.06680685 0.0298386 0.1337512 0.02290563 0.09371928 0.1297441 0.002192013 0.0943461 0.1317488 0.02432668 0.1168398 0.1377942 0.04319594 0.07828999 0.1380426 0.06800459 0.05549889 0.1363846 0.09507723 0.03391788 0.135784 0.04534473 0.1057524 0.133074 0.04736809 0.1341534 0.1353842 0.09469289 0.05851352 0.131979 0.1148382 0.04023216 0.1371527 0.06928048 0.08223758 0.1353298 0.07071265 0.1111331 0.1330403 0.07222296 0.141107 0.1310106 0.1143297 0.06226038 0.1264112 0.1303444 0.04766393 0.1257794 0.1304406 0.06637336 0.1342672 0.09457074 0.08405782 0.1329169 0.09497291 0.1114995 0.13145 0.09563726 0.1398897 0.1281056 0.1143569 0.132691 0.1300423 0.1140152 0.08483185 0.1251477 0.1305368 0.08508277 0.1245159 0.1306331 0.1037922 0.129074 0.114089 0.1084898 0.1238842 0.1307293 0.1225016 0 0.1333242 0.02490787 0 0.1731483 0.03620747 0.0120991 0.1718425 0.03620747 0.04290421 0.1387018 0.02730031 0.02464315 0.1686369 0.03620747 0.0380771 0.1642436 0.03620747 0.05204941 0.1586201 0.03620747 0.06620853 0.1517245 0.03620747 0.08046106 0.1441926 0.03620747 0.04903398 0.09621599 0.01310745 7.152557E-10 0.09140296 0.01230228 0.09063549 0.1239154 0.02317802 0.08486962 0.1424882 0.03657975 0.09486285 0.1232049 0.02409725 0.09927472 0.09945663 0.012491 0.1033408 0.09970278 0.01386231 0.1087881 0.0677632 0.00812248 0.05242177 0.06108509 0.006157535 0 0.0583102 0.005991888 0.1048435 0.0666349 0.00648883 0.1117218 0.0335176 0.006260233 0.05393437 0.03012167 0.004446066 -7.152557E-10 0.02942794 0.004404654 0 0.0001382504 0.005968545 0.1078687 0.03150912 0.004528889 0.112659 0.003097409 0.007658042 0.05443857 0.0001382504 0.005968545 0.1088771 0.0001382504 0.005968545 0.1135031 -0.02326612 0.01244215 0.1088771 -0.02935517 0.009107998 0.05261974 -0.02600566 0.007442827 0 -0.02623834 0.00740702 0.09432649 -0.04358907 0.005873213 0.04716324 -0.04545053 0.005586765 0 -0.04638126 0.00544354 0.0823475 -0.0561188 0.002022489 0.04073274 -0.06350165 0.0004385882 -1.788139E-10 -0.06556369 0.0002077105 0.03599189 -0.08546429 -0.007963474 0.0755119 -0.0652402 -0.003060114 0 -0.08905879 -0.008170865 0.06834015 -0.07725198 -0.008488716 0.02050647 -0.1098925 -0.01533401 0 -0.1124343 -0.01563871 0.04373974 -0.09356683 -0.01170821 0.0553528 -0.09845287 -0.01337744 0.03301666 -0.1069287 -0.01517081 0.04654709 -0.1028134 -0.01456517 0.0434248 -0.1192759 -0.0172509 0.03248741 -0.1141345 -0.01668042 0.01906788 -0.1290706 -0.01903307 0.01709832 -0.1225336 -0.01818278 0 -0.1248547 -0.01853996 -1.788139E-10 -0.1315381 -0.01941278 0.0843749 -0.03182464 0.146097 0.08153868 -0.02885039 0.1690305 0.0717719 -0.04627958 0.1757355 0.07108114 -0.0546434 0.1170032 0.08721112 -0.03479891 0.1231635 0.0785862 -0.04666959 0.0986075 0.07020853 -0.0591699 0.07547534 0.06200512 -0.06370877 0.1824405 0.06232537 -0.07292946 0.05519085 0.05844245 -0.07424713 0.1140188 0.05633045 -0.07520739 0.1814229 0.04599405 -0.09131768 0.1203014 0.05416086 -0.0869671 0.03940137 0.04917137 -0.08618939 0.1805031 0.03904346 -0.09613818 0.1797789 0.04493912 -0.1003017 0.02975424 0.02690532 -0.1042246 0.1793091 0.03106723 -0.1059918 0.1058879 0.03322775 -0.1112101 0.02469925 0.01371557 -0.1096197 0.1791525 0.01565497 -0.1137946 0.1009193 0.01759438 -0.1179694 0.02268619 0 -0.1203118 0.02244014 0 -0.1159781 0.1007963 0 -0.1116444 0.1791525 -0.01371557 -0.1096197 0.1791525 -0.01565497 -0.1137946 0.1009193 -0.01759438 -0.1179694 0.02268619 -0.03322775 -0.1112101 0.02469925 -0.03106723 -0.1059918 0.1058879 -0.02690532 -0.1042246 0.1793091 -0.04599405 -0.09131768 0.1203014 -0.04493912 -0.1003017 0.02975424 -0.03904346 -0.09613818 0.1797789 -0.04917137 -0.0861894 0.1805031 -0.05416086 -0.0869671 0.03940137 -0.05633045 -0.07520739 0.1814229 -0.05844245 -0.07424713 0.1140188 -0.06232537 -0.07292946 0.05519085 -0.07108113 -0.0546434 0.1170032 -0.06200512 -0.06370877 0.1824405 -0.07020853 -0.0591699 0.07547534 -0.0785862 -0.04666959 0.0986075 -0.08721112 -0.03479891 0.1231635 -0.0717719 -0.04627958 0.1757355 -0.0843749 -0.03182464 0.146097 -0.08153868 -0.02885039 0.1690305 0 -0.1208963 0.1833782 0.01828379 -0.1185992 0.1833782 0.01776553 -0.1156508 0.1870907 0.03439279 -0.1102376 0.1877168 0.03519408 -0.1129872 0.1835468 0.0487435 -0.1032127 0.1885422 0.04935739 -0.105339 0.1840528 0.06041448 -0.09453889 0.1894556 0.06066649 -0.09591329 0.1848285 0.06901415 -0.08496834 0.1858066 0.06900252 -0.08417886 0.1903462 0.07588111 -0.07326379 0.186886 0.06016247 -0.09316448 0.1940828 0.04812961 -0.1010863 0.1930316 0.03359148 -0.107488 0.1918869 0.01724726 -0.1127023 0.1908032 0 -0.1179545 0.1868275 0 -0.1150127 0.1902767 0.06899089 -0.08338939 0.1948857 0.07667023 -0.07019106 0.1896905 0.08565427 -0.05203967 0.1810822 0.07673279 -0.06949822 0.1942158 0.08558019 -0.05063391 0.1859653 0.0855061 -0.04922815 0.1908484 0.09542744 -0.03081556 0.1752785 0.09511127 -0.02829209 0.1807054 0.09479511 -0.02576862 0.1861323 0.09552126 -0.02510092 0.1805516 0.09556817 -0.0222436 0.1831881 0.09634123 -0.01871859 0.180244 0.09588434 -0.02476707 0.1777612 0.09963565 -0.01816757 0.1550904 0.09894965 -0.02532705 0.1514887 0.09826365 -0.03248653 0.1478869 0.1015302 -0.02591763 0.1329733 0.1010999 -0.03415749 0.1204954 0.1029301 -0.01761655 0.1299369 0.1050506 -0.02271928 0.120489 0.1037337 -0.02653201 0.1204911 0.1071711 -0.027822 0.1110411 0.09960611 -0.03560938 0.1070947 0.09043785 -0.05035093 0.09280635 0.09295761 -0.04713929 0.07847068 0.09195567 -0.0482798 0.08695216 0.0807071 -0.06530869 0.06813503 0.0813069 -0.06383923 0.06159163 0.08173231 -0.06259402 0.05414609 0.07283889 -0.0777951 0.04949913 0.07372026 -0.07593738 0.04314225 0.06433064 -0.09152929 0.03536651 0.07441996 -0.07416172 0.03663264 0.06565271 -0.08923944 0.02968463 0.0526798 -0.1102304 0.024205 0.05356118 -0.1084106 0.01929944 0.03783097 -0.127377 0.01675442 0.06670225 -0.08710901 0.02403343 0.03805132 -0.1262569 0.01250896 0.01972882 -0.1364477 0.01375459 0.05426088 -0.1067025 0.01445155 0.01972882 -0.1355842 0.009835504 0 -0.1389641 0.01336737 0 -0.1381181 0.009528032 0.03866583 -0.1277205 0.007329746 0.01972551 -0.1364668 0.006507384 0 -0.1390409 0.006270014 0.07475631 -0.07255015 0.0298176 0.06720678 -0.08529735 0.01844358 0.08180895 -0.0617973 0.04489623 0.08173231 -0.06259402 0.05414609 0.09292782 -0.04786004 0.06473465 0.09295761 -0.04713929 0.07847068 0.1060798 -0.03233058 0.08695296 0.1071711 -0.027822 0.1110411 0.1105811 -0.02445921 0.1079808 0.1050506 -0.02271928 0.120489 0.1092653 0.001858098 0.1319748 0.1029301 -0.01761655 0.1299369 0.1103263 -0.02675957 0.08435459 0.1059036 0.009257895 0.1452767 0.1111172 0.03791273 0.1569877 0.1057474 -0.03477652 0.06216725 0.09276162 -0.04835828 0.0471499 0.103053 0.008553383 0.1692555 0.09634123 -0.01871859 0.180244 0.1088771 0.03613234 0.1606165 0.1043931 0.06636457 0.1630828 0.1067514 0.06729767 0.1593239 0.1046894 0.03602629 0.1807607 0.09902953 0.00582266 0.190654 0.09266019 -0.0009604822 0.2068918 0.09556817 -0.0222436 0.1831881 0.1008393 0.03491135 0.2021931 0.09859909 0.09502227 0.1624578 0.1011464 0.09509353 0.1586668 0.102764 0.06500312 0.1869463 0.09720124 0.09276666 0.1884918 0.09018507 0.1205309 0.1556502 0.093063 0.1197112 0.1520233 0.08046106 0.144465 0.1457512 0.08374035 0.1427398 0.1423865 0.09926078 0.06398551 0.2086373 0.08792598 0.1165997 0.1860767 0.09393571 0.03345752 0.2197647 0.08046106 0.1443969 0.1183653 0.08402266 0.1426769 0.1159348 0.07688419 0.1342819 0.1846078 0.08046106 0.1443288 0.09097935 0.08430498 0.142614 0.08948315 0.08046106 0.1442607 0.06359341 0.0845873 0.1425511 0.06303145 0.08046106 0.1441926 0.03620747 0.08486962 0.1424882 0.03657975 0.0729912 0.1483778 0.05077647 0.06620853 0.1517245 0.03620747 0.07600071 0.1468742 0.06830861 0.06398696 0.1530556 0.04350843 0.05204941 0.1586201 0.03620747 0.05151336 0.1589954 0.04190651 0.0380771 0.1642436 0.03620747 0.06238151 0.1556899 0.04964757 0.06993858 0.1517276 0.05714787 0.05135535 0.1609128 0.04684419 0.07154037 0.1494876 0.07302383 0.03841488 0.1659521 0.04591005 0.07601316 0.1469575 0.09074481 0.07156526 0.1495862 0.09051027 0.07159134 0.1496844 0.1070847 0.03809576 0.1642851 0.04137272 0.02492701 0.1700557 0.04591033 0.07602619 0.1470406 0.112725 0.07014564 0.152374 0.1223803 0.02465279 0.1685129 0.04137289 0.02464315 0.1686369 0.03620747 0.01225863 0.1724714 0.04591024 0.07317498 0.1490019 0.1298028 0.06298672 0.1573293 0.1306871 0.01210308 0.1712671 0.04137283 -1.788139E-10 0.1732572 0.04591009 0.0120991 0.1718425 0.03620747 0 0.1722758 0.04137275 0 0.1731483 0.03620747 0.06459466 0.1547196 0.1375317 0.05229943 0.1629788 0.1346961 0.06606392 0.1512887 0.1545065 0.05248613 0.1611303 0.1398225 0.03903445 0.1651299 0.1354207 0.05317805 0.1623774 0.1457512 0.0516964 0.1542788 0.1819932 0.03906602 0.1652109 0.1457512 0.03905023 0.1651704 0.140586 0.02561921 0.1694922 0.1360318 0.0660219 0.1435926 0.188992 0.05094009 0.1476405 0.2098477 0.02535673 0.1679913 0.1405858 0.01262666 0.1718994 0.1360319 0.02495398 0.1680443 0.1457512 0.01247534 0.1707443 0.1405859 0 0.1730258 0.1360321 0 0.1721039 0.1405859 0.01233469 0.1690214 0.1537563 0.02381891 0.1599697 0.182546 -1.788139E-10 0.1705217 0.1538052 0.01190945 0.1625705 0.1829369 0.02245674 0.1536316 0.2110043 0 0.1638708 0.1831323 0.01122837 0.155604 0.2116186 0.0206404 0.1507663 0.2227896 -8.940697E-11 0.1565902 0.2119257 0.0103202 0.1523344 0.2232921 0.01859697 0.1496375 0.2262384 0 0.1531185 0.2235434 0.009536672 0.14924 0.228221 0.01845903 0.1418129 0.2364546 0 0.1498783 0.2283664 0.009229517 0.1427992 0.2366686 0 0.1432923 0.2367755 0.0183211 0.1339883 0.2466708 0.009160548 0.134685 0.2468754 0 0.1350334 0.2469778 0 0.1326115 0.2489535 0.01014668 0.132101 0.2488001 0.02029335 0.1310799 0.2484932 -8.940697E-11 0.1256617 0.252612 0.01090543 0.1251053 0.252396 0.02181086 0.1239925 0.2519641 0 0.109656 0.2596359 0.01120942 0.1092864 0.2593346 0.02241885 0.1085471 0.258732 1.788139E-10 0.08799315 0.2666891 0.01132555 0.08785909 0.2663027 0.02265109 0.08759098 0.2655299 0 0.06407173 0.2704356 0.01152067 0.0640384 0.2699873 0.02304134 0.06397177 0.2690905 8.940697E-11 0.03641746 0.2696894 0.0235106 0.03902099 0.2710327 0.01372433 0.0371766 0.2693776 0.01986606 0.006626005 0.263463 0 0.003556115 0.2632642 0.0295648 0.0252225 0.2673817 0.03797947 0.03628215 0.2695467 0.03750875 0.03902099 0.2701999 0.05150691 0.03902099 0.269367 0.03742784 0.02027833 0.2657074 0.01860845 -0.03152711 0.2529934 -1.788139E-10 -0.03246082 0.2531239 0.04444984 0.02528851 0.2663788 0.03650293 0.001642987 0.2612349 0.05032595 0.006809358 0.2613251 0.05495333 0.03715581 0.2658844 0.01766892 -0.05701803 0.2434964 0 -0.05749261 0.2436211 0.05582892 0.06377188 0.2659717 0.05092636 0.06384651 0.2675097 0.01661281 -0.07519826 0.2338791 3.576279E-10 -0.07602929 0.2337551 0.05497197 0.08578102 0.2623709 0.05034829 0.08665732 0.264108 0.01500542 -0.09141933 0.2230491 0 -0.09256086 0.2225254 0.05440176 0.1023067 0.2558656 0.04977519 0.1054388 0.2576177 0.01312239 -0.1066608 0.2116127 0 -0.1080899 0.2106139 0 -0.1094595 0.2053137 0.0140559 -0.1078566 0.2061643 0 -0.1110097 0.2001213 0.02587499 -0.1025983 0.2143408 0.02936828 -0.08846353 0.2244658 0.01503826 -0.1092096 0.2008389 0 -0.1129209 0.195145 0.01611833 -0.1108773 0.1957595 0.02772197 -0.103511 0.2085909 0.03231094 -0.07327742 0.2342171 0.037888 -0.09612689 0.2185299 0.02961002 -0.1045785 0.2029091 0.03415231 -0.05598861 0.2432207 0.04244606 -0.08416224 0.226621 0.04060839 -0.09688598 0.2124679 0.03538533 -0.03241063 0.2520391 0.04617973 -0.07083903 0.2347344 0.04795794 -0.08805431 0.2236435 0.04941023 -0.03069725 0.2515903 0.04826465 -0.05479871 0.2428921 0.05488129 -0.07918821 0.2291455 0.05913385 -0.06814187 0.2353415 0.06119145 -0.05352857 0.2425372 0.05141696 -0.08874929 0.2170711 0.05884946 -0.07986861 0.2216762 0.06403627 -0.06838848 0.2263536 0.06810774 -0.05245346 0.231174 0.04324878 -0.09788545 0.2062497 0.03158021 -0.1059558 0.1973639 0.01724726 -0.1127023 0.1908032 0 -0.1150127 0.1902767 0.03359148 -0.107488 0.1918869 0.04572919 -0.09936571 0.1997188 0.04812961 -0.1010863 0.1930316 0.05467203 -0.08973555 0.2100899 0.05751922 -0.09130438 0.2022908 0.06016247 -0.09316448 0.1940828 0.06899089 -0.08338939 0.1948857 0.06259724 -0.08073396 0.213659 0.06590426 -0.08196919 0.2045463 0.07673279 -0.06949822 0.1942158 0.06868733 -0.06868134 0.2167189 0.07283573 -0.06906667 0.2057907 0.08026506 -0.05030325 0.2053296 0.0855061 -0.04922815 0.1908484 0.07460521 -0.05137835 0.2190313 0.08720297 -0.02712064 0.2050632 0.09479511 -0.02576862 0.1861323 0.07973619 -0.0281886 0.222336 0.07111298 -0.02981151 0.2370118 0.08346555 0.001524351 0.2283729 0.06191153 -0.03171188 0.2503891 0.07310103 0.001789421 0.2447412 0.06215156 0.0009446082 0.2585533 0.08448252 0.03465779 0.2367148 0.06301598 0.03595021 0.261336 0.0735175 0.03530311 0.2510923 0.09200959 0.06365557 0.2259831 0.06227496 0.06371244 0.2619086 0.08239658 0.06366947 0.2402727 0.07180794 0.06368336 0.252795 0.06075858 0.08508514 0.2588681 0.06879869 0.08266147 0.2516845 0.05973049 0.09927561 0.253333 0.06026931 0.1104952 0.2448801 0.07749871 0.08644015 0.2413611 0.06560534 0.09632313 0.2501934 0.07066402 0.1010937 0.2414151 0.08654612 0.08840653 0.2285324 0.09383854 0.09054883 0.211519 0.07720959 0.1064833 0.2303982 0.08411732 0.112105 0.2123703 0.0677932 0.1193631 0.2310172 0.07430065 0.1271711 0.2125733 0.06859192 0.1342641 0.2135102 0.06209015 0.1285235 0.2298264 0.05715364 0.1222959 0.2401629 0.06220346 0.1411423 0.2081915 0.05879893 0.1401055 0.2198219 0.05163449 0.1439231 0.2209273 0.05305424 0.1416661 0.2236193 0.06474346 0.1366609 0.2167711 0.06118555 0.1350855 0.2236457 0.05272494 0.1338507 0.2338382 0.05239564 0.1260353 0.2440571 0.05080011 0.1241204 0.24682 0.05344849 0.1194055 0.2466244 0.04974611 0.1184926 0.2509009 0.05393907 0.1123217 0.2503107 0.04689467 0.1589298 0.1866126 0.04837633 0.1670284 0.1503706 0.0397378